128
131
134
137
141
144
148
151
155
158
162
166
169
173
177
181
184
188
191
195
198
201
205
208
210
213
216
218
220
222
224
225
226
227
227
227
227
227
226
224
223
221
218
215
212
208
204
200
195
190
184
178
172
165
158
151
144
136
129
121
113
106
98
90
83
76
69
62
56
51
45
41
37
33
31
29
28
28
28
29
32
35
39
43
49
55
63
70
79
88
97
107
117
128
138
148
159
168
178
187
195
203
210
216
220
224
226
227
227
226
223
219
213
206
199
190
180
169
157
145
133
121
108
96
84
73
63
53
45
38
33
30
28
28
29
33
38
45
54
64
75
88
101
115
129
144
158
171
184
195
205
214
220
225
227
227
225
220
214
205
194
182
168
153
137
122
106
90
76
63
51
42
34
30
28
28
32
38
47
58
71
86
102
119
137
154
170
186
199
210
219
225
227
227
223
216
206
193
178
161
143
124
106
88
71
57
45
35
30
28
29
34
43
56
71
88
107
127
147
166
184
199
212
221
226
227
224
217
206
191
174
154
134
112
92
73
56
43
33
28
28
32
41
54
71
90
112
134
156
176
195
210
220
226
227
223
214
200
182
161
138
115
92
71
54
40
31
28
30
38
51
68
89
113
137
161
183
202
216
225
227
224
215
200
181
158
133
108
84
62
45
33
28
29
37
50
69
92
118
144
169
192
210
222
227
226
217
202
181
157
130
103
78
56
40
30
28
33
46
64
88
115
143
170
194
212
224
227
223
211
192
168
140
111
83
60
41
30
28
34
48
69
95
124
154
181
204
219
227
226
215
197
172
143
113
83
58
40
29
28
37
54
78
108
139
169
195
215
226
227
218
200
174
144
112
81
56
37
28
30
41
62
90
122
155
184
208
223
227
221
204
179
147
114
82
55
36
28
31
45
69
99
133
167
195
216
227
225
212
189
158
123
89
60
38
28
30
45
69
101
137
171
200
220
227
222
205
178
143
107
74
47
31
28
38
61
92
128
165
196
218
227
223
205
177
141
104
70
44
29
29
43
69
104
142
178
207
224
227
215
190
156
117
80
50
32
28
40
65
100
139
176
206
224
227
213
187
150
110
73
44
29
30
47
76
115
155
191
217
227
221
200
166
125
85
52
32
28
42
70
108
150
188
215
227
222
199
164
123
82
49
30
29
46
78
119
161
198
221
227
215
186
146
103
64
37
28
37
64
103
147
187
216
227
220
194
155
110
69
40
28
36
62
102
147
188
217
227
218
189
148
102
62
35
28
41
73
116
162
200
223
226
207
172
126
81
46
29
33
58
99
145
189
218
227
214
182
137
90
51
30
31
54
94
142
186
217
227
214
181
135
87
48
29
33
59
102
151
194
222
226
207
168
119
72
39
28
41
75
123
172
210
227
219
188
141
91
50
29
33
61
107
157
201
225
224
197
152
101
57
31
31
57
101
153
198
224
224
198
152
100
55
30
32
60
107
159
203
226
221
190
141
89
47
28
37
72
123
175
214
227
212
172
119
68
35
29
51
97
151
199
225
222
191
141
87
45
28
41
80
134
186
220
226
201
153
98
51
28
37
73
127
181
218
227
204
156
100
52
29
37
74
129
183
220
226
200
150
93
47
28
41
83
140
193
224
222
189
135
78
38
28
52
102
160
208
227
213
169
110
58
29
36
74
131
187
222
224
191
136
78
37
29
56
109
168
213
227
205
154
94
46
28
46
95
156
206
227
212
164
103
51
28
42
88
150
203
227
213
167
105
52
28
42
89
152
204
227
211
162
100
48
28
47
98
161
211
227
204
150
87
40
28
57
114
177
219
225
190
130
69
32
34
75
138
197
226
215
167
102
48
28
49
104
169
216
226
193
132
70
32
35
78
143
201
227
210
157
90
40
29
61
122
186
224
219
173
107
50
28
50
108
174
220
223
184
118
57
28
45
99
167
217
225
188
123
60
28
43
97
166
216
225
188
122
58
28
45
101
170
219
223
182
114
53
28
51
112
180
223
219
170
100
44
29
62
129
194
227
210
152
81
34
34
81
151
210
227
193
126
60
28
47
108
179
223
218
166
94
40
30
72
143
205
227
197
130
61
28
47
109
181
224
216
160
87
35
34
83
156
214
225
183
111
48
28
63
133
201
227
199
131
61
28
50
116
188
226
209
146
73
30
42
103
178
224
215
157
81
32
38
95
171
222
218
162
85
34
37
93
169
221
218
162
85
33
37
95
171
222
217
158
81
32
40
101
178
225
212
149
72
29
46
113
189
227
204
134
60
28
57
130
202
227
191
115
47
29
73
152
215
223
171
91
35
37
97
177
225
211
143
66
28
54
128
201
227
188
110
43
31
82
163
221
217
154
74
29
49
121
198
227
190
111
43
31
84
166
222
214
148
68
28
56
132
206
226
179
96
35
38
102
184
227
201
124
50
29
77
160
221
216
149
67
28
59
138
210
224
169
84
31
46
120
199
227
184
100
36
38
105
188
227
194
112
42
33
94
179
227
201
121
46
31
87
173
225
205
126
49
30
84
171
225
206
128
49
30
84
171
225
205
125
48
31
88
176
226
201
119
44
33
95
183
227
194
109
38
37
107
193
227
184
96
33
45
122
204
225
169
79
29
57
141
215
219
149
62
28
74
164
224
206
124
45
33
98
187
227
186
96
32
47
128
209
222
157
68
28
71
161
224
206
122
43
35
105
194
227
176
84
29
57
145
218
214
136
50
31
95
186
227
183
90
30
54
142
217
215
136
50
32
97
189
227
178
84
29
60
152
222
208
123
42
37
113
202
224
160
67
28
78
173
227
191
98
31
52
141
218
212
129
44
36
111
202
224
158
63
28
85
181
227
181
85
28
64
159
225
200
107
34
48
138
217
212
127
42
38
119
208
220
145
52
32
103
197
225
159
62
29
90
188
227
170
72
28
81
180
227
178
79
28
74
173
227
183
84
28
70
169
227
186
87
28
69
168
227
186
87
28
69
169
227
185
84
28
72
173
227
181
80
28
77
179
227
174
73
28
86
187
227
164
64
29
97
196
224
152
54
33
111
206
219
136
44
40
128
216
210
117
35
51
149
224
196
96
29
68
171
227
177
73
28
90
192
225
152
53
34
117
211
214
123
36
49
148
224
194
91
28
74
179
227
165
61
31
108
206
218
128
38
48
146
224
193
89
28
79
185
226
156
54
35
121
214
210
111
31
61
166
227
174
67
30
104
206
217
125
36
52
156
226
182
75
28
97
202
219
130
38
51
154
226
183
74
28
100
204
218
125
35
55
161
227
175
66
31
111
211
211
111
30
67
176
227
158
52
37
132
221
197
88
28
89
197
221
130
36
54
162
227
170
60
33
122
218
202
94
28
85
196
221
130
36
56
166
227
164
55
37
133
222
192
81
28
101
207
213
110
29
74
186
224
139
39
52
162
227
165
54
38
137
224
186
73
30
113
215
203
93
28
92
203
215
113
30
74
189
223
132
35
60
174
227
148
43
49
160
227
163
51
41
146
226
174
60
36
135
224
184
68
32
125
221
191
75
30
117
218
196
81
29
111
216
200
85
28
107
214
202
88
28
105
213
203
89
28
105
213
203
88
28
107
214
201
85
28
111
216
198
80
29
116
219
193
74
31
124
222
186
67
34
134
225
178
59
38
145
227
167
50
45
158
227
153
42
54
172
226
137
34
67
187
221
119
29
83
201
212
99
28
102
214
199
79
30
125
223
180
60
39
149
227
157
43
54
174
225
130
32
76
197
214
101
28
104
216
195
73
33
136
226
167
48
49
169
226
134
32
76
198
213
97
28
111
219
187
64
38
150
227
151
38
63
187
219
109
28
101
215
193
69
36
145
227
153
39
63
188
218
106
28
106
218
188
62
40
156
227
141
33
75
200
210
89
29
126
225
168
46
54
179
222
113
28
103
218
187
61
42
161
226
132
30
86
209
199
73
35
148
227
144
34
77
203
206
80
32
140
227
150
36
73
200
208
83
32
139
227
150
35
74
202
206
80
33
144
227
144
33
81
207
200
71
37
155
227
131
29
93
215
189
59
45
172
223
112
28
113
223
170
44
61
192
213
88
31
140
227
143
32
85
212
193
61
44
171
222
109
28
120
225
161
38
71
202
203
72
38
161
225
118
28
113
224
165
40
69
201
203
71
39
163
224
114
28
119
226
158
36
78
208
195
61
46
177
219
97
30
138
227
137
29
99
220
174
44
65
199
203
70
41
169
222
103
29
135
227
137
29
101
221
170
41
71
205
197
61
48
182
216
87
33
154
226
116
28
125
227
144
30
98
221
170
40
74
208
192
55
54
191
209
74
40
171
220
95
31
149
226
116
28
128
227
137
29
108
225
156
33
90
218
173
41
74
210
188
50
61
200
199
61
51
189
209
72
42
177
216
83
36
166
221
94
32
156
224
104
30
146
226
113
28
137
227
121
28
130
227
128
28
124
227
134
28
119
227
138
28
115
227
141
28
113
226
143
29
112
226
143
29
112
226
143
29
113
227
141
28
116
227
138
28
119
227
133
28
125
227
127
28
131
227
121
28
138
227
113
29
147
225
103
31
157
222
93
35
167
218
82
40
178
212
71
47
190
203
60
57
201
193
49
69
211
179
40
83
219
163
33
101
225
145
28
120
227
125
28
141
226
104
32
162
219
82
41
183
207
62
56
202
190
45
76
216
167
33
100
225
141
28
128
227
113
30
157
221
84
41
184
205
59
61
207
181
39
88
222
151
29
121
227
116
29
156
220
82
43
188
201
53
68
213
171
33
103
226
133
28
142
224
93
38
181
206
58
64
211
174
34
102
226
132
28
146
223
88
41
187
200
51
73
217
161
30
118
227
113
31
166
214
67
56
206
179
36
99
226
130
28
151
221
79
48
198
188
41
90
225
138
28
146
222
83
46
196
190
41
91
225
136
28
149
221
78
49
201
183
37
99
227
125
29
161
215
66
60
211
169
31
118
227
104
35
181
202
49
80
222
143
28
146
221
77
52
205
176
33
112
227
107
35
181
201
47
83
224
137
28
155
217
66
61
213
161
29
131
225
86
46
200
181
34
111
227
105
36
186
195
42
94
227
120
31
174
205
49
82
224
132
29
164
211
56
74
222
140
28
157
214
60
70
220
145
28
154
216
62
69
219
145
28
155
215
61
70
221
142
28
159
213
57
76
223
135
29
167
208
50
84
225
124
31
177
199
43
97
227
109
37
190
187
35
114
227
91
46
204
170
29
135
222
72
62
217
147
28
160
211
52
84
226
119
33
185
191
36
113
227
89
49
208
162
28
147
216
59
76
224
126
32
182
193
36
113
227
86
52
212
156
28
156
211
51
88
227
110
38
197
176
30
136
220
65
72
223
127
32
185
188
34
123
224
74
63
220
136
30
179
194
36
117
225
77
61
219
137
30
179
193
35
120
225
74
65
221
131
32
185
186
32
130
221
64
75
225
117
37
197
172
28
148
213
50
93
227
95
49
212
149
28
172
197
36
120
224
69
71
224
118
37
199
168
28
156
208
44
106
227
80
62
221
127
34
194
174
28
151
210
45
104
227
79
63
222
124
36
198
168
28
160
204
39
116
224
68
75
226
107
44
210
149
29
179
187
31
141
214
49
100
227
79
65
223
117
40
205
155
28
176
189
31
141
214
47
104
226
74
71
226
107
46
213
142
31
190
174
28
160
201
36
128
219
54
96
227
79
67
225
108
46
214
139
32
194
168
28
170
192
31
142
211
43
114
223
61
88
227
83
65
225
108
47
215
133
35
201
158
28
182
180
28
161
198
33
139
212
43
116
222
56
95
227
73
76
227
91
60
224
110
47
216
129
37
206
147
31
194
164
28
181
179
28
166
192
30
151
203
35
136
212
41
122
219
49
108
223
58
96
226
68
84
227
78
74
227
88
65
226
97
58
224
107
51
221
116
46
217
124
41
213
132
38
209
139
35
205
145
33
202
150
31
198
155
30
195
159
29
192
162
29
190
165
28
188
166
28
187
168
28
186
168
28
186
168
28
187
167
28
188
166
28
189
164
29
191
161
29
194
158
30
197
154
31
200
149
33
204
144
35
208
137
37
211
130
41
215
122
45
219
114
50
222
105
57
225
95
64
227
86
73
227
76
83
227
66
94
225
56
106
221
48
120
216
40
134
208
34
149
198
30
164
186
28
179
171
28
193
155
32
205
137
39
215
119
49
223
100
63
227
81
80
227
64
99
223
49
121
214
37
143
200
30
165
182
28
186
161
31
204
137
41
218
111
56
226
86
77
227
63
102
221
45
129
208
32
157
188
28
184
162
31
205
133
44
221
102
64
227
73
92
224
49
123
211
33
156
188
28
186
157
33
210
123
50
225
89
77
227
59
111
216
37
148
193
28
183
160
33
210
122
52
225
84
83
226
52
122
210
32
162
180
28
197
141
41
221
99
70
227
61
110
215
36
154
186
28
193
145
40
220
99
70
227
59
114
213
33
161
180
28
201
134
46
224
86
84
225
47
133
201
28
181
159
35
216
107
65
227
61
113
212
32
166
173
30
208
120
56
227
69
104
217
35
159
179
29
205
124
54
227
70
103
217
35
161
176
30
208
119
59
227
64
112
212
31
171
165
33
215
104
71
227
52
130
200
28
189
144
43
224
81
93
220
37
157
177
30
210
113
65
227
55
127
201
28
190
142
46
225
75
101
216
33
170
164
35
218
95
82
223
41
151
181
30
210
111
68
227
49
137
192
28
202
123
59
227
56
128
198
28
197
130
55
227
59
124
201
28
195
131
54
227
59
125
200
28
197
128
57
227
56
130
195
28
202
120
63
227
49
141
187
29
210
107
74
224
41
156
173
33
219
90
91
218
33
175
153
42
226
70
114
205
28
196
127
59
227
49
143
184
30
215
97
86
220
33
174
152
44
226
65
121
199
28
204
114
72
224
39
162
164
38
224
73
113
204
28
201
118
69
225
40
162
163
39
225
69
118
200
28
206
109
77
222
34
174
150
47
227
56
136
186
31
217
88
99
211
28
195
123
67
225
39
166
157
44
227
58
135
186
31
218
84
104
207
28
202
112
77
221
33
181
139
56
227
44
158
164
41
226
60
134
184
32
220
78
112
201
28
211
97
93
213
28
199
114
77
220
32
186
131
64
225
37
173
145
53
227
43
161
158
46
227
50
151
168
40
227
56
142
175
37
225
62
135
181
34
224
66
130
185
33
223
69
126
188
32
222
71
125
188
32
222
70
126
188
32
222
69
128
185
33
224
65
133
181
35
225
61
139
175
38
226
55
147
167
42
227
49
157
157
49
227
42
169
145
57
226
36
181
130
69
221
31
194
114
83
214
28
207
96
101
203
28
217
77
122
188
33
225
59
144
168
44
227
44
168
144
60
224
32
191
117
83
213
28
210
89
111
195
31
223
62
142
168
44
227
41
173
136
68
221
29
201
100
100
202
29
221
67
137
171
43
227
41
175
132
72
218
28
207
91
111
193
33
225
55
155
153
56
225
32
195
107
96
203
29
222
63
144
163
50
226
34
190
112
92
205
29
221
64
145
161
52
226
33
194
106
98
200
31
224
56
156
149
61
222
29
205
90
116
186
37
227
42
177
126
81
211
28
219
65
145
159
55
224
30
203
92
115
185
38
227
40
182
118
90
204
30
224
54
161
141
70
216
28
217
69
142
159
56
223
29
208
83
126
174
46
226
32
199
95
114
184
40
227
36
192
103
106
190
37
227
38
188
108
102
193
36
227
39
186
110
101
193
36
227
39
188
107
104
190
38
227
36
192
101
111
184
41
227
33
199
91
121
175
48
225
30
208
79
136
161
58
220
28
217
64
154
143
74
211
29
224
49
175
120
94
196
36
227
36
196
94
121
173
50
223
28
214
67
151
143
74
209
30
226
44
183
108
107
184
44
226
30
210
72
147
147
72
210
30
226
43
186
103
114
177
49
223
28
217
62
161
131
88
198
36
227
33
204
80
140
152
70
211
30
226
40
191
95
124
166
59
218
28
224
47
183
105
114
174
53
221
28
222
50
179
109
111
176
52
221
28
222
49
180
107
114
173
55
219
28
224
45
187
98
124
164
63
214
29
227
38
198
84
139
148
76
203
35
227
31
211
66
161
126
98
186
47
223
28
222
47
186
97
127
159
69
208
33
227
32
210
66
162
123
102
180
52
219
28
226
39
198
81
146
139
88
192
43
224
28
223
45
191
89
138
146
82
196
41
225
28
222
45
190
89
139
143
85
193
44
223
28
224
41
197
79
150
132
97
182
52
217
29
227
33
209
63
169
111
118
162
70
204
37
226
28
222
44
194
82
150
130
100
178
57
213
32
227
30
218
51
187
90
142
137
94
182
54
215
31
227
29
218
49
189
86
147
131
101
175
61
209
35
226
28
223
41
201
70
165
111
122
155
80
193
47
219
30
227
30
218
48
192
81
155
121
113
162
74
197
45
220
29
227
30
219
46
195
76
161
113
122
152
85
187
53
213
34
226
28
225
36
210
57
183
88
149
124
112
161
78
192
50
215
33
226
28
225
35
212
54
189
81
158
114
124
148
91
179
62
204
41
221
29
227
28
223
38
209
56
186
82
158
112
127
143
97
172
69
197
48
216
33
226
28
227
31
220
42
205
60
184
84
158
111
130
138
103
165
77
189
56
208
40
221
30
227
28
226
31
219
42
206
57
188
77
167
100
143
124
119
148
96
170
74
190
56
206
42
218
33
225
28
227
28
225
33
218
43
206
56
192
72
175
90
156
109
136
129
116
148
97
167
80
183
64
198
51
209
41
218
33
224
29
227
28
227
29
224
33
219
40
211
49
201
60
190
72
177
85
163
99
149
113
135
127
121
141
108
154
95
166
83
178
72
188
62
198
53
206
46
212
40
218
35
222
31
225
29
227
28
227
28
227
28
226
30
224
32
221
35
218
39
214
43
210
47
206
52
201
57
196
62
191
67
186
72
181
77
176
82
171
86
166
91
162
95
158
100
153
103
150
107
146
110
143
114
140
116
137
119
135
121
133
123
131
124
130
126
129
127
128
127
128
127
