9 68
10 120
9 123
10 105
9 139
10 158
9 133
10 128
9 135
10 128
9 138
10 128
9 140
10 128
9 143
10 128
9 145
10 128
9 148
10 128
9 150
10 128
9 153
10 128
9 156
10 128
9 158
10 128
9 161
10 128
9 164
10 128
9 166
10 128
9 169
10 128
9 171
10 128
9 174
10 128
9 176
10 128
9 178
10 128
9 181
10 128
9 183
10 128
9 185
10 128
9 187
10 128
9 189
10 128
9 191
10 128
9 192
10 128
9 194
10 128
9 195
10 128
9 196
10 128
9 197
10 128
9 198
10 128
9 198
10 128
9 198
10 128
9 198
10 128
9 198
10 128
9 198
10 128
9 197
10 128
9 196
10 128
9 195
10 128
9 193
10 128
9 191
10 128
9 189
10 128
9 186
10 128
9 184
10 128
9 181
10 128
9 178
10 128
9 174
10 128
9 170
10 128
9 166
10 128
9 162
10 128
9 157
10 128
9 152
10 128
9 147
10 128
9 142
10 128
9 137
10 128
9 132
10 128
9 127
10 128
9 121
10 128
9 116
10 128
9 110
10 128
9 105
10 128
9 99
10 128
9 94
10 128
9 89
10 128
9 84
10 128
9 80
10 128
9 76
10 128
9 72
10 128
9 68
10 128
9 65
10 128
9 63
10 128
9 60
10 128
9 59
10 128
9 58
10 128
9 57
10 128
9 57
10 128
9 58
10 128
9 59
10 128
9 61
10 128
9 63
10 128
9 66
10 128
9 69
10 128
9 74
10 128
9 78
10 128
9 84
10 128
9 89
10 128
9 96
10 128
9 102
10 128
9 109
10 128
9 116
10 128
9 123
10 128
9 131
10 128
9 138
10 128
9 145
10 128
9 152
10 128
9 159
10 128
9 166
10 128
9 172
10 128
9 178
10 128
9 183
10 128
9 188
10 128
9 191
10 128
9 194
10 128
9 196
10 128
9 198
10 129
9 198
10 128
9 198
10 128
9 197
10 128
9 194
10 129
9 191
10 128
9 186
10 129
9 181
10 128
9 176
10 128
9 169
10 129
9 162
10 128
9 154
10 128
9 145
10 128
9 137
10 128
9 128
10 128
9 120
10 128
9 111
10 128
9 102
10 128
9 94
10 128
9 86
10 128
9 79
10 128
9 73
10 128
9 67
10 127
9 63
10 128
9 60
10 127
9 58
10 127
9 57
10 128
9 57
10 127
9 59
10 128
9 62
10 127
9 66
10 128
9 71
10 127
9 78
10 127
9 86
10 128
9 94
10 128
9 103
10 128
9 113
10 128
9 122
10 128
9 133
10 128
9 143
10 128
9 153
10 128
9 162
10 128
9 170
10 128
9 178
10 129
9 185
10 128
9 190
10 128
9 195
10 129
9 197
10 128
9 198
10 129
9 198
10 129
9 195
10 129
9 192
10 129
9 187
10 128
9 180
10 129
9 172
10 129
9 163
10 128
9 153
10 129
9 142
10 128
9 131
10 128
9 120
10 128
9 108
10 128
9 97
10 128
9 88
10 127
9 79
10 128
9 71
10 128
9 65
10 127
9 60
10 127
9 58
10 127
9 57
10 127
9 58
10 127
9 61
10 127
9 67
10 127
9 73
10 127
9 82
10 127
9 91
10 127
9 102
10 127
9 114
10 128
9 126
10 128
9 139
10 128
9 151
10 128
9 162
10 128
9 172
10 128
9 181
10 129
9 188
10 129
9 194
10 129
9 197
10 129
9 198
10 129
9 197
10 129
9 194
10 129
9 188
10 129
9 180
10 129
9 170
10 129
9 159
10 129
9 147
10 129
9 134
10 128
9 121
10 128
9 108
10 128
9 95
10 128
9 84
10 128
9 74
10 127
9 67
10 127
9 61
10 127
9 58
10 127
9 57
10 127
9 59
10 127
9 64
10 127
9 71
10 127
9 81
10 127
9 92
10 127
9 104
10 127
9 118
10 127
9 132
10 128
9 146
10 128
9 160
10 128
9 172
10 128
9 182
10 129
9 190
10 129
9 195
10 129
9 198
10 129
9 198
10 129
9 194
10 129
9 188
10 129
9 180
10 129
9 168
10 129
9 156
10 129
9 141
10 129
9 127
10 128
9 112
10 128
9 97
10 127
9 85
10 128
9 74
10 127
9 65
10 127
9 59
10 127
9 57
10 126
9 58
10 127
9 62
10 127
9 69
10 127
9 80
10 127
9 92
10 127
9 107
10 127
9 122
10 127
9 138
10 128
9 153
10 128
9 167
10 129
9 179
10 129
9 189
10 129
9 195
10 129
9 198
10 129
9 197
10 130
9 193
10 130
9 186
10 130
9 175
10 129
9 161
10 129
9 146
10 129
9 129
10 128
9 113
10 128
9 97
10 128
9 83
10 127
9 72
10 127
9 63
10 127
9 58
10 126
9 57
10 126
9 60
10 126
9 67
10 126
9 78
10 127
9 91
10 127
9 106
10 127
9 123
10 127
9 141
10 128
9 157
10 128
9 172
10 129
9 184
10 129
9 193
10 130
9 198
10 130
9 198
10 130
9 194
10 130
9 186
10 130
9 174
10 130
9 160
10 129
9 143
10 129
9 125
10 128
9 108
10 128
9 91
10 128
9 77
10 127
9 66
10 126
9 59
10 126
9 57
10 126
9 60
10 126
9 66
10 126
9 77
10 126
9 92
10 126
9 109
10 127
9 127
10 127
9 146
10 128
9 163
10 128
9 178
10 129
9 190
10 130
9 196
10 130
9 198
10 130
9 195
10 130
9 188
10 130
9 175
10 130
9 160
10 130
9 142
10 129
9 123
10 129
9 104
10 128
9 87
10 127
9 73
10 127
9 63
10 126
9 58
10 126
9 58
10 126
9 64
10 126
9 74
10 126
9 89
10 126
9 106
10 126
9 126
10 127
9 146
10 128
9 164
10 128
9 180
10 129
9 191
10 130
9 197
10 130
9 198
10 131
9 193
10 130
9 182
10 130
9 168
10 130
9 149
10 129
9 129
10 129
9 109
10 128
9 90
10 127
9 75
10 127
9 63
10 127
9 58
10 125
9 58
10 125
9 64
10 126
9 76
10 126
9 92
10 126
9 112
10 127
9 133
10 127
9 153
10 128
9 172
10 129
9 186
10 129
9 195
10 130
9 198
10 130
9 195
10 131
9 186
10 131
9 171
10 130
9 152
10 130
9 131
10 129
9 110
10 128
9 90
10 128
9 73
10 126
9 62
10 126
9 57
10 126
9 59
10 125
9 67
10 125
9 81
10 126
9 100
10 126
9 121
10 126
9 143
10 128
9 164
10 129
9 181
10 129
9 193
10 130
9 198
10 131
9 196
10 131
9 188
10 131
9 173
10 131
9 153
10 130
9 131
10 129
9 109
10 128
9 88
10 127
9 72
10 126
9 61
10 126
9 57
10 125
9 61
10 125
9 71
10 125
9 88
10 125
9 109
10 126
9 132
10 127
9 155
10 128
9 174
10 129
9 189
10 130
9 197
10 131
9 197
10 131
9 190
10 131
9 176
10 131
9 156
10 130
9 133
10 130
9 110
10 128
9 88
10 127
9 71
10 126
9 60
10 125
9 57
10 125
9 62
10 125
9 75
10 125
9 93
10 125
9 116
10 126
9 140
10 127
9 163
10 128
9 181
10 130
9 194
10 130
9 198
10 131
9 194
10 132
9 182
10 131
9 164
10 131
9 141
10 130
9 116
10 129
9 93
10 127
9 74
10 126
9 61
10 126
9 57
10 124
9 62
10 124
9 75
10 124
9 94
10 125
9 118
10 126
9 143
10 127
9 166
10 129
9 185
10 130
9 196
10 131
9 198
10 132
9 191
10 132
9 176
10 132
9 155
10 131
9 130
10 130
9 105
10 128
9 83
10 127
9 66
10 126
9 58
10 125
9 59
10 124
9 69
10 124
9 88
10 124
9 111
10 126
9 137
10 127
9 162
10 128
9 182
10 130
9 195
10 131
9 198
10 132
9 192
10 132
9 176
10 132
9 154
10 131
9 128
10 130
9 102
10 128
9 80
10 127
9 64
10 125
9 57
10 124
9 60
10 123
9 74
10 124
9 94
10 125
9 120
10 126
9 147
10 127
9 171
10 129
9 189
10 130
9 198
10 132
9 196
10 132
9 184
10 132
9 164
10 132
9 138
10 130
9 111
10 129
9 86
10 127
9 68
10 126
9 58
10 124
9 59
10 124
9 71
10 123
9 91
10 124
9 118
10 125
9 145
10 127
9 170
10 129
9 188
10 130
9 198
10 132
9 196
10 133
9 183
10 133
9 161
10 132
9 134
10 131
9 106
10 129
9 81
10 127
9 64
10 125
9 57
10 124
9 62
10 123
9 77
10 123
9 100
10 124
9 128
10 126
9 156
10 128
9 180
10 130
9 194
10 131
9 198
10 133
9 190
10 133
9 171
10 132
9 145
10 132
9 116
10 130
9 89
10 127
9 68
10 125
9 58
10 124
9 60
10 123
9 73
10 123
9 96
10 124
9 124
10 125
9 153
10 127
9 178
10 130
9 194
10 132
9 198
10 133
9 190
10 133
9 171
10 133
9 144
10 131
9 114
10 129
9 87
10 127
9 66
10 125
9 57
10 123
9 61
10 122
9 77
10 123
9 102
10 124
9 132
10 126
9 161
10 128
9 184
10 130
9 197
10 132
9 196
10 133
9 183
10 133
9 160
10 133
9 130
10 131
9 100
10 128
9 75
10 126
9 60
10 124
9 58
10 122
9 69
10 122
9 91
10 123
9 121
10 125
9 152
10 127
9 178
10 130
9 194
10 132
9 198
10 134
9 188
10 134
9 166
10 133
9 136
10 132
9 105
10 129
9 78
10 126
9 62
10 124
9 58
10 123
9 68
10 122
9 90
10 123
9 120
10 124
9 152
10 127
9 178
10 130
9 195
10 132
9 197
10 134
9 186
10 134
9 162
10 134
9 131
10 131
9 99
10 129
9 74
10 126
9 59
10 124
9 59
10 122
9 73
10 122
9 99
10 123
9 131
10 125
9 162
10 128
9 186
10 131
9 197
10 133
9 194
10 134
9 177
10 134
9 148
10 133
9 116
10 131
9 85
10 127
9 65
10 124
9 58
10 122
9 66
10 122
9 87
10 122
9 118
10 124
9 151
10 127
9 179
10 129
9 195
10 133
9 196
10 134
9 182
10 135
9 156
10 133
9 123
10 131
9 91
10 128
9 67
10 125
9 57
10 122
9 64
10 121
9 84
10 122
9 115
10 123
9 149
10 126
9 178
10 130
9 195
10 132
9 196
10 135
9 182
10 135
9 155
10 134
9 121
10 131
9 89
10 128
9 66
10 125
9 57
10 122
9 66
10 121
9 89
10 122
9 121
10 124
9 155
10 127
9 183
10 130
9 197
10 133
9 194
10 135
9 176
10 135
9 145
10 133
9 110
10 130
9 79
10 127
9 61
10 123
9 59
10 121
9 73
10 121
9 101
10 122
9 136
10 125
9 169
10 128
9 191
10 132
9 198
10 135
9 186
10 136
9 160
10 135
9 125
10 132
9 91
10 128
9 66
10 125
9 57
10 122
9 66
10 120
9 91
10 121
9 125
10 123
9 160
10 127
9 187
10 131
9 198
10 134
9 191
10 136
9 167
10 135
9 133
10 133
9 98
10 129
9 70
10 125
9 58
10 122
9 64
10 120
9 87
10 121
9 121
10 123
9 157
10 127
9 185
10 131
9 198
10 134
9 191
10 136
9 168
10 136
9 133
10 133
9 97
10 129
9 69
10 125
9 57
10 121
9 65
10 120
9 90
10 120
9 125
10 123
9 161
10 127
9 188
10 131
9 198
10 135
9 188
10 136
9 161
10 135
9 125
10 133
9 90
10 128
9 65
10 124
9 58
10 121
9 70
10 120
9 100
10 121
9 137
10 124
9 171
10 129
9 193
10 133
9 196
10 136
9 179
10 136
9 147
10 135
9 109
10 131
9 77
10 126
9 59
10 122
9 61
10 120
9 83
10 120
9 118
10 122
9 156
10 126
9 186
10 131
9 198
10 135
9 189
10 137
9 162
10 136
9 125
10 133
9 88
10 128
9 64
10 123
9 59
10 120
9 74
10 119
9 106
10 121
9 145
10 125
9 178
10 130
9 196
10 134
9 193
10 137
9 170
10 137
9 133
10 134
9 95
10 129
9 67
10 125
9 58
10 120
9 70
10 119
9 101
10 120
9 140
10 124
9 175
10 129
9 196
10 134
9 194
10 137
9 172
10 137
9 135
10 135
9 96
10 129
9 67
10 124
9 58
10 120
9 71
10 119
9 102
10 120
9 142
10 124
9 177
10 129
9 196
10 134
9 193
10 138
9 168
10 137
9 130
10 134
9 92
10 129
9 65
10 124
9 58
10 119
9 75
10 118
9 109
10 120
9 149
10 125
9 183
10 130
9 197
10 135
9 189
10 138
9 160
10 137
9 120
10 133
9 82
10 128
9 60
10 122
9 61
10 119
9 85
10 118
9 123
10 121
9 163
10 127
9 191
10 132
9 197
10 137
9 179
10 138
9 144
10 136
9 103
10 131
9 70
10 125
9 58
10 120
9 70
10 117
9 102
10 119
9 143
10 123
9 179
10 130
9 197
10 135
9 190
10 138
9 161
10 138
9 120
10 134
9 82
10 128
9 60
10 122
9 62
10 118
9 88
10 118
9 128
10 121
9 168
10 127
9 193
10 133
9 195
10 138
9 172
10 139
9 133
10 136
9 92
10 129
9 64
10 123
9 59
10 118
9 80
10 117
9 118
10 120
9 160
10 126
9 190
10 133
9 197
10 137
9 178
10 139
9 140
10 137
9 98
10 131
9 67
10 124
9 58
10 119
9 76
10 117
9 113
10 119
9 156
10 125
9 188
10 132
9 197
10 137
9 179
10 139
9 142
10 137
9 99
10 131
9 67
10 124
9 58
10 119
9 76
10 117
9 114
10 119
9 158
10 125
9 189
10 133
9 196
10 138
9 177
10 140
9 138
10 137
9 95
10 130
9 65
10 124
9 59
10 118
9 81
10 117
9 121
10 119
9 164
10 126
9 192
10 133
9 195
10 139
9 171
10 139
9 129
10 136
9 87
10 129
9 61
10 122
9 62
10 117
9 89
10 116
9 132
10 121
9 173
10 128
9 196
10 135
9 191
10 139
9 159
10 140
9 115
10 134
9 76
10 127
9 58
10 120
9 69
10 116
9 104
10 117
9 149
10 123
9 185
10 131
9 197
10 138
9 180
10 140
9 141
10 138
9 97
10 131
9 65
10 123
9 60
10 117
9 83
10 116
9 125
10 119
9 169
10 127
9 195
10 135
9 192
10 140
9 161
10 140
9 117
10 135
9 77
10 127
9 59
10 120
9 70
10 116
9 106
10 117
9 152
10 123
9 187
10 132
9 196
10 139
9 176
10 141
9 134
10 138
9 89
10 130
9 61
10 121
9 63
10 116
9 93
10 116
9 138
10 121
9 179
10 129
9 197
10 137
9 184
10 141
9 146
10 139
9 100
10 132
9 66
10 124
9 60
10 117
9 84
10 115
9 128
10 119
9 172
10 127
9 196
10 136
9 189
10 141
9 154
10 140
9 107
10 134
9 69
10 125
9 59
10 117
9 80
10 114
9 122
10 118
9 168
10 126
9 195
10 135
9 191
10 141
9 157
10 141
9 110
10 135
9 71
10 126
9 58
10 117
9 78
10 114
9 121
10 118
9 167
10 126
9 194
10 135
9 190
10 141
9 157
10 141
9 109
10 135
9 70
10 125
9 59
10 117
9 80
10 114
9 124
10 118
9 170
10 126
9 195
10 136
9 188
10 142
9 152
10 141
9 104
10 134
9 67
10 124
9 60
10 116
9 86
10 114
9 132
10 118
9 176
10 128
9 197
10 137
9 183
10 142
9 143
10 140
9 95
10 132
9 63
10 122
9 63
10 115
9 95
10 114
9 143
10 120
9 184
10 131
9 197
10 139
9 175
10 143
9 129
10 139
9 83
10 130
9 59
10 119
9 70
10 114
9 109
10 115
9 158
10 123
9 192
10 133
9 193
10 141
9 160
10 142
9 112
10 136
9 71
10 126
9 59
10 116
9 82
10 113
9 129
10 117
9 175
10 127
9 196
10 138
9 182
10 143
9 140
10 141
9 91
10 132
9 61
10 121
9 66
10 114
9 103
10 114
9 153
10 122
9 189
10 133
9 194
10 141
9 163
10 143
9 114
10 137
9 72
10 126
9 59
10 116
9 83
10 113
9 130
10 117
9 176
10 127
9 197
10 138
9 180
10 143
9 135
10 141
9 86
10 131
9 60
10 120
9 70
10 112
9 111
10 114
9 162
10 123
9 193
10 135
9 190
10 143
9 152
10 143
9 101
10 135
9 65
10 123
9 63
10 114
9 96
10 112
9 147
10 120
9 187
10 131
9 194
10 142
9 165
10 144
9 115
10 138
9 72
10 126
9 60
10 116
9 86
10 112
9 135
10 117
9 180
10 129
9 196
10 140
9 173
10 144
9 125
10 140
9 78
10 128
9 59
10 117
9 79
10 112
9 126
10 115
9 175
10 126
9 196
10 139
9 179
10 144
9 132
10 141
9 83
10 131
9 59
10 118
9 75
10 111
9 121
10 114
9 171
10 125
9 196
10 138
9 182
10 145
9 136
10 142
9 85
10 131
9 60
10 118
9 74
10 112
9 119
10 114
9 170
10 125
9 195
10 137
9 182
10 145
9 136
10 142
9 85
10 131
9 59
10 118
9 74
10 111
9 121
10 114
9 171
10 125
9 196
10 138
9 180
10 145
9 133
10 142
9 83
10 131
9 59
10 118
9 77
10 111
9 125
10 114
9 175
10 126
9 196
10 139
9 176
10 146
9 126
10 141
9 78
10 129
9 59
10 116
9 83
10 110
9 134
10 115
9 181
10 128
9 196
10 141
9 168
10 146
9 116
10 140
9 71
10 126
9 61
10 114
9 92
10 110
9 145
10 117
9 188
10 131
9 193
10 143
9 158
10 145
9 104
10 137
9 65
10 123
9 65
10 112
9 105
10 111
9 159
10 121
9 194
10 135
9 186
10 145
9 142
10 144
9 89
10 133
9 60
10 118
9 74
10 110
9 123
10 113
9 174
10 125
9 196
10 140
9 174
10 146
9 122
10 142
9 74
10 128
9 60
10 114
9 90
10 109
9 144
10 116
9 187
10 131
9 192
10 144
9 155
10 146
9 100
10 137
9 63
10 122
9 68
10 111
9 112
10 111
9 166
10 122
9 195
10 138
9 180
10 147
9 130
10 143
9 79
10 130
9 60
10 115
9 86
10 109
9 140
10 115
9 186
10 130
9 193
10 144
9 156
10 147
9 101
10 137
9 63
10 122
9 68
10 110
9 113
10 110
9 168
10 123
9 195
10 138
9 177
10 147
9 125
10 143
9 75
10 129
9 61
10 114
9 92
10 108
9 147
10 117
9 189
10 132
9 190
10 145
9 148
10 147
9 92
10 135
9 60
10 119
9 76
10 109
9 127
10 112
9 178
10 126
9 195
10 142
9 165
10 148
9 109
10 140
9 66
10 124
9 66
10 111
9 108
10 109
9 165
10 121
9 195
10 138
9 178
10 148
9 126
10 144
9 75
10 129
9 61
10 113
9 94
10 108
9 151
10 117
9 191
10 133
9 187
10 146
9 140
10 147
9 85
10 133
9 60
10 116
9 84
10 108
9 139
10 113
9 186
10 130
9 191
10 145
9 151
10 148
9 94
10 137
9 61
10 119
9 76
10 108
9 129
10 111
9 180
10 127
9 194
10 143
9 159
10 149
9 102
10 139
9 63
10 121
9 71
10 109
9 121
10 110
9 176
10 125
9 195
10 142
9 165
10 149
9 107
10 141
9 65
10 123
9 69
10 109
9 116
10 109
9 172
10 123
9 195
10 141
9 168
10 149
9 110
10 142
9 66
10 124
9 68
10 109
9 114
10 108
9 171
10 122
9 195
10 141
9 169
10 149
9 111
10 142
9 66
10 124
9 68
10 109
9 114
10 108
9 171
10 122
9 195
10 141
9 168
10 150
9 110
10 142
9 66
10 123
9 69
10 109
9 117
10 108
9 174
10 123
9 195
10 142
9 164
10 150
9 106
10 141
9 64
10 122
9 71
10 108
9 122
10 109
9 177
10 125
9 194
10 144
9 159
10 150
9 99
10 140
9 62
10 120
9 76
10 107
9 131
10 110
9 183
10 128
9 192
10 146
9 151
10 150
9 92
10 137
9 61
10 117
9 83
10 106
9 141
10 112
9 188
10 131
9 187
10 148
9 139
10 149
9 82
10 134
9 61
10 113
9 94
10 106
9 153
10 115
9 192
10 135
9 180
10 150
9 125
10 147
9 73
10 129
9 64
10 110
9 107
10 106
9 167
10 119
9 195
10 140
9 168
10 151
9 109
10 143
9 65
10 123
9 72
10 107
9 124
10 108
9 179
10 125
9 192
10 145
9 152
10 151
9 92
10 138
9 61
10 117
9 85
10 105
9 145
10 112
9 190
10 132
9 183
10 149
9 131
10 148
9 76
10 131
9 64
10 111
9 105
10 105
9 165
10 118
9 194
10 140
9 168
10 152
9 107
10 144
9 64
10 122
9 74
10 106
9 129
10 108
9 183
10 127
9 190
10 147
9 144
10 151
9 85
10 136
9 61
10 114
9 94
10 104
9 155
10 114
9 193
10 137
9 175
10 151
9 116
10 146
9 67
10 126
9 70
10 106
9 122
10 106
9 179
10 125
9 191
10 146
9 149
10 152
9 88
10 138
9 61
10 115
9 92
10 104
9 153
10 113
9 193
10 136
9 175
10 152
9 117
10 147
9 67
10 125
9 71
10 106
9 124
10 106
9 180
10 125
9 190
10 147
9 145
10 152
9 85
10 136
9 62
10 113
9 97
10 103
9 160
10 115
9 194
10 139
9 169
10 153
9 108
10 145
9 64
10 122
9 77
10 104
9 135
10 108
9 186
10 129
9 185
10 150
9 133
10 151
9 76
10 132
9 65
10 109
9 111
10 104
9 172
10 120
9 193
10 144
9 155
10 153
9 93
10 140
9 62
10 116
9 90
10 102
9 153
10 112
9 192
10 136
9 173
10 153
9 112
10 147
9 65
10 123
9 76
10 104
9 134
10 107
9 186
10 129
9 185
10 150
9 131
10 151
9 74
10 131
9 67
10 108
9 116
10 103
9 176
10 122
9 191
10 146
9 147
10 153
9 85
10 138
9 62
10 113
9 100
10 102
9 164
10 116
9 194
10 141
9 162
10 154
9 98
10 143
9 62
10 118
9 88
10 102
9 151
10 110
9 192
10 136
9 172
10 153
9 110
10 147
9 65
10 123
9 79
10 103
9 139
10 107
9 188
10 131
9 180
10 152
9 122
10 150
9 69
10 128
9 72
10 104
9 128
10 105
9 184
10 127
9 185
10 150
9 131
10 153
9 74
10 131
9 68
10 106
9 120
10 103
9 179
10 123
9 189
10 148
9 139
10 154
9 79
10 134
9 66
10 109
9 113
10 102
9 175
10 120
9 190
10 147
9 145
10 154
9 83
10 137
9 64
10 110
9 108
10 101
9 171
10 118
9 191
10 145
9 149
10 155
9 85
10 138
9 64
10 111
9 105
10 101
9 169
10 117
9 192
10 144
9 151
10 156
9 87
10 139
9 64
10 112
9 104
10 100
9 168
10 117
9 192
10 144
9 151
10 156
9 87
10 139
9 64
10 112
9 105
10 100
9 169
10 116
9 192
10 145
9 150
10 156
9 85
10 139
9 64
10 111
9 107
10 100
9 171
10 117
9 191
10 146
9 147
10 156
9 83
10 138
9 65
10 110
9 111
10 100
9 174
10 119
9 190
10 148
9 142
10 155
9 80
10 136
9 67
10 108
9 117
10 100
9 178
10 122
9 187
10 149
9 135
10 155
9 75
10 133
9 70
10 106
9 125
10 101
9 183
10 125
9 184
10 152
9 127
10 154
9 71
10 129
9 74
10 103
9 134
10 103
9 187
10 129
9 178
10 154
9 116
10 152
9 67
10 124
9 81
10 101
9 145
10 106
9 190
10 134
9 170
10 156
9 104
10 148
9 64
10 119
9 91
10 99
9 157
10 110
9 192
10 140
9 158
10 158
9 92
10 143
9 64
10 113
9 104
10 98
9 170
10 116
9 190
10 146
9 144
10 157
9 80
10 137
9 68
10 107
9 120
10 100
9 180
10 123
9 184
10 152
9 127
10 155
9 70
10 129
9 76
10 102
9 138
10 103
9 188
10 131
9 173
10 156
9 108
10 150
9 64
10 121
9 90
10 98
9 157
10 109
9 191
10 140
9 156
10 158
9 90
10 143
9 65
10 111
9 109
10 98
9 174
10 117
9 188
10 149
9 135
10 157
9 74
10 133
9 73
10 103
9 132
10 101
9 186
10 128
9 176
10 155
9 111
10 153
9 65
10 122
9 89
10 98
9 156
10 108
9 191
10 140
9 155
10 159
9 89
10 143
9 66
10 110
9 113
10 97
9 176
10 119
9 185
10 151
9 129
10 157
9 71
10 130
9 77
10 101
9 140
10 102
9 189
10 133
9 168
10 158
9 101
10 150
9 64
10 116
9 99
10 97
9 167
10 113
9 189
10 146
9 141
10 159
9 78
10 137
9 71
10 104
9 130
10 99
9 186
10 127
9 175
10 157
9 109
10 153
9 65
10 120
9 93
10 97
9 161
10 109
9 190
10 144
9 147
10 160
9 81
10 139
9 69
10 106
9 125
10 98
9 184
10 125
9 177
10 156
9 113
10 154
9 66
10 122
9 92
10 97
9 160
10 108
9 190
10 143
9 147
10 160
9 81
10 140
9 70
10 105
9 127
10 97
9 185
10 126
9 175
10 157
9 109
10 154
9 65
10 120
9 95
10 96
9 164
10 110
9 189
10 145
9 142
10 160
9 78
10 137
9 73
10 103
9 134
10 99
9 187
10 130
9 169
10 159
9 101
10 151
9 65
10 116
9 104
10 95
9 171
10 114
9 186
10 150
9 130
10 159
9 71
10 131
9 80
10 99
9 147
10 102
9 190
10 137
9 157
10 161
9 89
10 145
9 68
10 108
9 120
10 96
9 181
10 122
9 178
10 156
9 113
10 156
9 66
10 121
9 95
10 95
9 164
10 109
9 188
10 146
9 138
10 161
9 75
10 135
9 76
10 100
9 141
10 100
9 189
10 134
9 161
10 161
9 92
10 147
9 67
10 110
9 117
10 95
9 181
10 121
9 178
10 156
9 113
10 156
9 66
10 121
9 97
10 95
9 166
10 109
9 187
10 148
9 134
10 161
9 73
10 133
9 81
10 99
9 147
10 101
9 189
10 137
9 154
10 162
9 85
10 144
9 70
10 106
9 128
10 95
9 185
10 127
9 170
10 159
9 101
10 153
9 66
10 115
9 109
10 93
9 176
10 117
9 181
10 154
9 118
10 159
9 67
10 124
9 94
10 94
9 163
10 107
9 187
10 147
9 135
10 162
9 73
10 134
9 82
10 98
9 150
10 101
9 189
10 139
9 149
10 163
9 82
10 142
9 73
10 103
9 135
10 96
9 187
10 131
9 162
10 162
9 92
10 149
9 69
10 109
9 122
10 94
9 183
10 123
9 172
10 159
9 103
10 154
9 67
10 115
9 110
10 93
9 177
10 116
9 179
10 156
9 114
10 159
9 67
10 122
9 100
10 93
9 170
10 110
9 184
10 151
9 124
10 162
9 69
10 127
9 92
10 94
9 162
10 105
9 187
10 147
9 133
10 163
9 72
10 133
9 85
10 96
9 154
10 102
9 188
10 143
9 141
10 164
9 76
10 137
9 81
10 98
9 148
10 99
9 188
10 139
9 147
10 164
9 80
10 141
9 77
10 100
9 142
10 97
9 188
10 135
9 152
10 164
9 83
10 144
9 74
10 102
9 138
10 95
9 187
10 133
9 156
10 164
9 86
10 146
9 73
10 104
9 134
10 94
9 187
10 130
9 159
10 164
9 88
10 148
9 72
10 105
9 132
10 93
9 186
10 129
9 160
10 163
9 90
10 149
9 71
10 106
9 130
10 93
9 186
10 128
9 161
10 163
9 90
10 150
9 71
10 106
9 130
10 93
9 186
10 128
9 161
10 163
9 90
10 150
9 72
10 106
9 131
10 93
9 186
10 129
9 159
10 164
9 88
10 149
9 73
10 105
9 134
10 93
9 186
10 131
9 157
10 164
9 86
10 148
9 74
10 103
9 137
10 94
9 187
10 132
9 153
10 165
9 83
10 146
9 76
10 101
9 142
10 95
9 187
10 135
9 148
10 166
9 80
10 142
9 80
10 99
9 147
10 96
9 187
10 139
9 143
10 166
9 77
10 139
9 83
10 96
9 153
10 99
9 187
10 143
9 135
10 166
9 73
10 135
9 89
10 93
9 160
10 102
9 184
10 148
9 127
10 165
9 71
10 129
9 96
10 91
9 167
10 107
9 181
10 153
9 117
10 163
9 69
10 123
9 106
10 90
9 174
10 113
9 175
10 158
9 107
10 160
9 69
10 116
9 116
10 89
9 180
10 119
9 167
10 162
9 96
10 155
9 71
10 108
9 129
10 91
9 185
10 127
9 157
10 165
9 86
10 149
9 76
10 102
9 142
10 93
9 186
10 136
9 144
10 167
9 78
10 140
9 85
10 96
9 155
10 98
9 185
10 145
9 129
10 167
9 71
10 131
9 97
10 91
9 168
10 106
9 179
10 154
9 114
10 163
9 69
10 120
9 112
10 89
9 178
10 116
9 169
10 162
9 98
10 157
9 72
10 109
9 130
10 90
9 185
10 128
9 154
10 167
9 84
10 147
9 80
10 99
9 148
10 94
9 185
10 141
9 135
10 168
9 73
10 135
9 93
10 91
9 165
10 103
9 180
10 153
9 116
10 165
9 70
10 121
9 112
10 88
9 178
10 116
9 167
10 162
9 96
10 157
9 73
10 107
9 134
10 90
9 185
10 131
9 149
10 168
9 80
10 144
9 85
10 96
9 155
10 97
9 183
10 146
9 126
10 167
9 71
10 128
9 103
10 88
9 173
10 110
9 172
10 159
9 102
10 160
9 72
10 111
9 128
10 88
9 184
10 127
9 152
10 167
9 83
10 147
9 83
10 97
9 153
10 95
9 183
10 145
9 127
10 168
9 71
10 129
9 104
10 88
9 173
10 110
9 171
10 160
9 101
10 160
9 73
10 110
9 131
10 88
9 184
10 129
9 149
10 169
9 80
10 144
9 87
10 94
9 158
10 98
9 181
10 149
9 120
10 167
9 71
10 124
9 112
10 86
9 178
10 115
9 164
10 164
9 92
10 156
9 76
10 103
9 142
10 90
9 184
10 138
9 136
10 170
9 74
10 135
9 98
10 89
9 169
10 105
9 174
10 158
9 105
10 163
9 72
10 112
9 129
10 87
9 184
10 128
9 148
10 169
9 80
10 144
9 89
10 93
9 160
10 98
9 179
10 151
9 115
10 167
9 71
10 120
9 119
10 86
9 181
10 120
9 156
10 168
9 85
10 150
9 83
10 97
9 153
10 94
9 182
10 147
9 122
10 169
9 72
10 125
9 113
10 86
9 179
10 116
9 161
10 166
9 89
10 154
9 80
10 99
9 149
10 92
9 182
10 144
9 125
10 170
9 72
10 127
9 111
10 86
9 177
10 114
9 162
10 165
9 90
10 155
9 80
10 100
9 149
10 91
9 182
10 143
9 125
10 170
9 72
10 127
9 111
10 85
9 178
10 115
9 161
10 166
9 89
10 154
9 82
10 99
9 151
10 92
9 181
10 146
9 122
10 170
9 72
10 124
9 116
10 85
9 179
10 118
9 156
10 168
9 85
10 151
9 85
10 95
9 157
10 94
9 179
10 150
9 115
10 169
9 72
10 119
9 123
10 84
9 182
10 124
9 149
10 170
9 80
10 146
9 92
10 91
9 165
10 99
9 174
10 157
9 105
10 165
9 75
10 111
9 134
10 86
9 183
10 133
9 137
10 172
9 75
10 136
9 103
10 86
9 173
10 108
9 165
10 164
9 93
10 159
9 80
10 101
9 149
10 89
9 181
10 144
9 121
10 171
9 73
10 124
9 119
10 84
9 180
10 120
9 151
10 171
9 82
10 148
9 92
10 91
9 164
10 98
9 173
10 157
9 104
10 166
9 76
10 109
9 138
10 85
9 182
10 136
9 131
10 173
9 74
10 132
9 110
10 84
9 176
10 113
9 158
10 168
9 86
10 154
9 87
10 94
9 159
10 94
9 176
10 153
9 108
10 168
9 75
10 113
9 134
10 84
9 182
10 133
9 134
10 173
9 75
10 134
9 109
10 84
9 176
10 112
9 158
10 168
9 86
10 154
9 88
10 94
9 160
10 94
9 174
10 154
9 106
10 168
9 76
10 111
9 138
10 84
9 182
10 135
9 130
10 174
9 74
10 130
9 114
10 83
9 178
10 116
9 152
10 170
9 83
10 150
9 94
10 90
9 166
10 99
9 169
10 160
9 98
10 164
9 80
10 103
9 147
10 87
9 179
10 144
9 118
10 172
9 74
10 121
9 126
10 82
9 181
10 126
9 139
10 174
9 77
10 139
9 106
10 84
9 174
10 109
9 157
10 168
9 87
10 154
9 90
10 93
9 162
10 95
9 172
10 157
9 102
10 167
9 79
10 105
9 145
10 85
9 179
10 143
9 118
10 173
9 75
10 121
9 127
10 81
9 180
10 127
9 137
10 174
9 77
10 137
9 110
10 83
9 176
10 112
9 153
10 171
9 83
10 151
9 96
10 89
9 167
10 99
9 166
10 163
9 94
10 163
9 84
10 99
9 155
10 89
9 175
10 152
9 108
10 171
9 78
10 111
9 140
10 83
9 179
10 139
9 122
10 175
9 75
10 124
9 126
10 80
9 180
10 126
9 137
10 175
9 77
10 136
9 112
10 82
9 177
10 114
9 150
10 172
9 82
10 148
9 100
10 86
9 170
10 102
9 161
10 167
9 89
10 158
9 90
10 93
9 162
10 93
9 169
10 159
9 98
10 166
9 83
10 101
9 152
10 87
9 175
10 150
9 108
10 172
9 78
10 111
9 141
10 83
9 178
10 140
9 119
10 175
9 76
10 120
9 131
10 80
9 179
10 131
9 129
10 176
9 76
10 129
9 121
10 80
9 178
10 122
9 138
10 175
9 78
10 138
9 113
10 81
9 176
10 113
9 147
10 174
9 81
10 146
9 105
10 84
9 173
10 106
9 154
10 171
9 85
10 153
9 98
10 88
9 169
10 100
9 160
10 167
9 89
10 159
9 92
10 91
9 164
10 94
9 165
10 162
9 94
10 164
9 88
10 96
9 159
10 90
9 169
10 158
9 99
10 168
9 85
10 100
9 154
10 87
9 172
10 154
9 103
10 170
9 82
10 105
9 150
10 84
9 174
10 149
9 107
10 173
9 80
10 109
9 145
10 82
9 175
10 145
9 111
10 174
9 79
10 112
9 142
10 81
9 176
10 142
9 115
10 175
9 79
10 116
9 139
10 80
9 177
10 139
9 118
10 176
9 78
10 118
9 137
10 79
9 177
10 137
9 120
10 177
9 78
10 120
9 135
10 79
9 178
10 135
9 121
10 178
9 78
10 122
9 133
10 78
9 177
10 134
9 122
10 177
9 78
10 123
9 133
10 78
9 177
10 133
9 122
10 178
9 78
10 123
9 133
10 78
9 177
10 133
9 122
10 178
9 78
10 123
9 134
10 78
9 177
10 134
9 121
10 178
9 78
10 122
9 135
10 78
9 177
10 135
9 120
10 178
9 79
10 120
9 136
10 78
9 176
10 137
9 118
10 177
9 80
10 118
9 139
10 79
9 175
10 140
9 115
10 177
9 80
10 115
9 142
10 80
9 175
10 143
9 112
10 176
9 81
10 112
9 145
10 80
9 173
10 146
9 108
10 175
9 83
10 108
9 149
10 82
9 171
10 151
9 104
10 173
9 85
10 103
9 154
10 84
9 168
10 155
9 100
10 170
9 89
10 99
9 158
10 87
9 165
10 160
9 95
10 167
9 92
10 94
9 162
10 91
9 161
10 164
9 91
10 163
9 97
10 89
9 167
10 96
9 155
10 169
9 87
10 157
9 103
10 85
9 171
10 102
9 149
10 174
9 83
10 150
9 110
10 81
9 174
10 110
9 141
10 177
9 81
10 142
9 118
10 78
9 175
10 118
9 133
10 179
9 80
10 133
9 127
10 77
9 176
10 128
9 124
10 180
9 80
10 123
9 136
10 77
9 174
10 138
9 114
10 178
9 83
10 113
9 146
10 79
9 171
10 148
9 105
10 175
9 87
10 103
9 155
10 84
9 165
10 158
9 96
10 169
9 94
10 93
9 163
10 91
9 157
10 167
9 88
10 160
9 103
10 85
9 170
10 102
9 147
10 175
9 83
10 149
9 114
10 78
9 174
10 114
9 135
10 179
9 80
10 136
9 127
10 76
9 175
10 128
9 122
10 180
9 81
10 121
9 140
10 77
9 172
10 142
9 109
10 177
9 86
10 107
9 153
10 81
9 166
10 156
9 97
10 170
9 94
10 93
9 163
10 91
9 155
10 168
9 88
10 159
9 106
10 83
9 171
10 104
9 142
10 177
9 82
10 144
9 121
10 76
9 174
10 121
9 127
10 181
9 81
10 126
9 136
10 75
9 172
10 139
9 111
10 179
9 86
10 108
9 152
10 80
9 165
10 156
9 97
10 170
9 96
10 92
9 164
10 92
9 153
10 170
9 86
10 156
9 110
10 80
9 172
10 109
9 136
10 179
9 82
10 138
9 128
10 74
9 174
10 129
9 119
10 181
9 84
10 117
9 146
10 77
9 168
10 150
9 101
10 175
9 93
10 97
9 161
10 88
9 155
10 168
9 89
10 160
9 108
10 82
9 171
10 106
9 138
10 179
9 82
10 139
9 127
10 74
9 173
10 129
9 118
10 181
9 85
10 116
9 147
10 77
9 167
10 152
9 100
10 173
9 95
10 94
9 163
10 90
9 152
10 171
9 87
10 156
9 113
10 79
9 172
10 111
9 132
10 181
9 83
10 132
9 135
10 74
9 171
10 137
9 110
10 180
9 89
10 106
9 155
10 81
9 160
10 162
9 92
10 166
9 104
10 85
9 169
10 101
9 141
10 178
9 83
10 143
9 126
10 74
9 172
10 127
9 118
10 182
9 86
10 115
9 149
10 77
9 164
10 155
9 97
10 172
9 100
10 89
9 166
10 95
9 145
10 176
9 85
10 148
9 122
10 75
9 172
10 122
9 121
10 183
9 85
10 119
9 146
10 76
9 165
10 152
9 99
10 173
9 99
10 91
9 165
10 93
9 146
10 175
9 85
10 150
9 122
10 75
9 172
10 122
9 120
10 183
9 86
10 118
9 148
10 76
9 164
10 154
9 97
10 173
9 101
10 89
9 166
10 95
9 142
10 177
9 84
10 145
9 126
10 74
9 171
10 127
9 116
10 183
9 88
10 112
9 152
10 78
9 160
10 160
9 93
10 168
9 107
10 83
9 169
10 103
9 135
10 181
9 84
10 137
9 134
10 72
9 169
10 138
9 107
10 181
9 93
10 101
9 159
10 84
9 152
10 169
9 88
10 158
9 117
10 76
9 171
10 115
9 124
10 184
9 86
10 122
9 146
10 75
9 163
10 153
9 98
10 173
9 103
10 88
9 167
10 97
9 139
10 179
9 85
10 141
9 131
10 72
9 169
10 135
9 109
10 182
9 93
10 102
9 159
10 84
9 151
10 170
9 88
10 158
9 119
10 75
9 171
10 117
9 121
10 184
9 87
10 118
9 149
10 75
9 160
10 157
9 94
10 170
9 108
10 83
9 168
10 103
9 132
10 182
9 86
10 132
9 139
10 72
9 165
10 145
9 101
10 178
9 100
10 92
9 164
10 92
9 141
10 178
9 86
10 144
9 131
10 71
9 168
10 134
9 108
10 182
9 95
10 101
9 160
10 84
9 148
10 173
9 88
10 154
9 124
10 73
9 169
10 124
9 115
10 185
9 91
10 109
9 155
10 79
9 153
10 167
9 90
10 161
9 118
10 75
9 169
10 117
9 120
10 185
9 90
10 115
9 152
10 76
9 156
10 162
9 92
10 166
9 115
10 78
9 169
10 111
9 123
10 185
9 88
10 120
9 149
10 74
9 157
10 159
9 93
10 168
9 113
10 79
9 168
10 109
9 125
10 185
9 88
10 122
9 148
10 73
9 158
10 157
9 94
10 170
9 112
10 80
9 168
10 108
9 125
10 185
9 89
10 123
9 148
10 73
9 158
10 158
9 94
10 169
9 113
10 79
9 168
10 109
9 124
10 186
9 89
10 121
9 149
10 74
9 156
10 160
9 93
10 167
9 116
10 77
9 168
10 112
9 121
10 186
9 91
10 117
9 152
10 75
9 153
10 164
9 91
10 164
9 119
10 75
9 168
10 118
9 117
10 186
9 93
10 111
9 155
10 78
9 149
10 169
9 90
10 157
9 125
10 72
9 167
10 126
9 111
10 185
9 96
10 102
9 159
10 84
9 143
10 175
9 88
10 149
9 132
10 70
9 165
10 136
9 105
10 182
9 102
10 93
9 163
10 91
9 135
10 181
9 88
10 138
9 140
10 70
9 161
10 148
9 99
10 176
9 110
10 84
9 166
10 103
9 126
10 186
9 90
10 124
9 149
10 73
9 154
10 161
9 93
10 166
9 119
10 75
9 167
10 118
9 115
10 187
9 95
10 108
9 157
10 80
9 145
10 174
9 89
10 152
9 131
10 70
9 164
10 135
9 105
10 183
9 104
10 91
9 163
10 93
9 132
10 183
9 89
10 133
9 144
10 70
9 157
10 155
9 95
10 171
9 116
10 78
9 166
10 112
9 118
10 187
9 94
10 111
9 156
10 78
9 145
10 172
9 90
10 153
9 131
10 69
9 164
10 136
9 104
10 183
9 105
10 90
9 164
10 95
9 130
10 185
9 91
10 129
9 147
10 71
9 154
10 160
9 94
10 167
9 121
10 74
9 166
10 120
9 112
10 187
9 99
10 102
9 160
10 84
9 138
10 180
9 90
10 142
9 139
10 69
9 159
10 149
9 98
10 175
9 115
10 80
9 165
10 109
9 119
10 188
9 95
10 112
9 156
10 78
9 143
10 174
9 91
10 150
9 135
10 69
9 161
10 141
9 101
10 180
9 111
10 84
9 165
10 103
9 122
10 188
9 94
10 117
9 154
10 75
9 145
10 172
9 91
10 154
9 132
10 69
9 161
10 138
9 102
10 181
9 110
10 85
9 164
10 102
9 123
10 188
9 94
10 117
9 153
10 75
9 145
10 172
9 91
10 154
9 133
10 68
9 161
10 140
9 102
10 181
9 112
10 83
9 164
10 104
9 121
10 188
9 96
10 114
9 155
10 77
9 142
10 175
9 91
10 149
9 137
10 68
9 158
10 146
9 99
10 177
9 116
10 78
9 164
10 111
9 116
10 188
9 99
10 106
9 158
10 82
9 136
10 180
9 91
10 140
9 143
10 68
9 153
10 156
9 95
10 170
9 123
10 72
9 163
10 123
9 108
10 187
9 105
10 94
9 161
10 92
9 127
10 186
9 94
10 125
9 150
10 72
9 146
10 169
9 92
10 157
9 133
10 68
9 159
10 140
9 101
10 180
9 115
10 80
9 163
10 108
9 116
10 189
9 100
10 106
9 158
10 82
9 134
10 182
9 93
10 137
9 145
10 68
9 151
10 160
9 95
10 166
9 128
10 70
9 161
10 131
9 105
10 184
9 111
10 85
9 162
10 102
9 120
10 189
9 98
10 111
9 156
10 79
9 137
10 180
9 93
10 141
9 143
10 67
9 151
10 158
9 95
10 168
9 127
10 70
9 160
10 130
9 104
10 185
9 112
10 85
9 162
10 102
9 119
10 189
9 100
10 109
9 157
10 80
9 134
10 181
9 94
10 137
9 146
10 68
9 148
10 163
9 94
10 163
9 131
10 68
9 158
10 138
9 102
10 181
9 117
10 79
9 162
10 111
9 113
10 190
9 104
10 100
9 159
10 87
9 128
10 187
9 96
10 125
9 151
10 72
9 141
10 173
9 94
10 150
9 140
10 66
9 153
10 152
9 97
10 171
9 126
10 71
9 160
10 127
9 105
10 186
9 113
10 85
9 161
10 104
9 117
10 190
9 102
10 105
9 158
10 83
9 129
10 185
9 96
10 129
9 150
10 70
9 142
10 172
9 94
10 152
9 139
10 66
9 152
10 152
9 97
10 171
9 127
10 70
9 158
10 130
9 104
10 185
9 115
10 82
9 161
10 108
9 114
10 190
9 106
10 99
9 159
10 88
9 125
10 188
9 98
10 120
9 153
10 74
9 136
10 179
9 95
10 141
9 145
10 67
9 146
10 163
9 96
10 161
9 135
10 66
9 154
10 145
9 100
10 176
9 124
10 72
9 159
10 125
9 106
10 187
9 114
10 84
9 160
10 105
9 115
10 191
9 106
10 100
9 159
10 88
9 124
10 189
9 99
10 118
9 154
10 75
9 134
10 181
9 97
10 137
9 147
10 68
9 143
10 169
9 95
10 155
9 139
10 65
9 150
10 153
9 97
10 170
9 130
10 68
9 155
10 136
9 102
10 181
9 122
10 75
9 158
10 119
9 108
10 188
9 114
10 86
9 160
10 103
9 115
10 191
9 107
10 100
9 158
10 89
9 123
10 189
9 102
10 115
9 155
10 78
9 131
10 184
9 98
10 131
9 150
10 70
9 138
10 175
9 96
10 146
9 144
10 65
9 145
10 164
9 97
10 159
9 138
10 65
9 150
10 152
9 98
10 171
9 131
10 67
9 154
10 138
9 101
10 180
9 124
10 72
9 157
10 124
9 106
10 187
9 118
10 81
9 158
10 111
9 111
10 191
9 112
10 90
9 159
10 99
9 116
10 192
9 107
10 101
9 157
10 89
9 122
10 190
9 103
10 112
9 155
10 80
9 127
10 187
9 100
10 124
9 152
10 73
9 133
10 181
9 99
10 135
9 149
10 68
9 138
10 175
9 98
10 145
9 145
10 65
9 142
10 167
9 97
10 155
9 141
10 64
9 146
10 159
9 98
10 164
9 136
10 65
9 149
10 150
9 99
10 171
9 132
10 66
9 152
10 141
9 101
10 178
9 128
10 69
9 154
10 133
9 103
10 182
9 124
10 73
9 155
10 124
9 105
10 186
9 120
10 78
9 156
10 116
9 108
10 189
9 117
10 83
9 157
10 109
9 111
10 191
9 114
10 88
9 157
10 102
9 113
10 192
9 112
10 93
9 157
10 97
9 116
10 192
9 110
10 99
9 157
10 91
9 119
10 192
9 108
10 104
9 156
10 87
9 121
10 191
9 106
10 109
9 155
10 83
9 123
10 190
9 105
10 114
9 154
10 80
9 125
10 188
9 104
10 118
9 153
10 77
9 127
10 187
9 103
10 122
9 153
10 74
9 128
10 186
9 102
10 126
9 152
10 73
9 130
10 184
9 102
10 129
9 151
10 71
9 131
10 183
9 101
10 132
9 150
10 70
9 132
10 181
9 101
10 134
9 150
10 69
9 133
10 180
9 101
10 136
9 149
10 68
9 133
10 179
9 101
10 137
9 149
10 68
9 134
10 179
9 101
10 138
9 148
10 67
9 134
10 178
9 101
10 138
9 148
10 67
9 134
10 178
9 101
10 138
9 148
10 67
9 133
10 179
9 101
10 137
9 149
10 68
9 133
10 179
9 101
10 137
9 149
10 68
9 132
10 180
9 102
10 135
9 149
10 69
9 131
10 181
9 102
10 133
9 150
10 69
9 131
10 182
9 103
10 131
9 150
10 70
9 130
10 184
9 103
10 128
9 151
10 72
9 128
10 185
9 104
10 125
9 152
10 74
9 127
10 187
9 105
10 122
9 152
10 76
9 125
10 189
9 106
10 117
9 152
10 78
9 123
10 190
9 107
10 113
9 153
10 82
9 121
10 191
9 109
10 108
9 154
10 85
9 119
10 193
9 111
10 103
9 154
10 90
9 117
10 193
9 113
10 97
9 154
10 95
9 114
10 194
9 115
10 92
9 154
10 101
9 112
10 193
9 118
10 86
9 153
10 107
9 110
10 191
9 121
10 81
9 153
10 115
9 108
10 189
9 124
10 76
9 151
10 123
9 106
10 186
9 127
10 71
9 150
10 131
9 104
10 182
9 131
10 67
9 148
10 140
9 103
10 176
9 134
10 64
9 145
10 149
9 102
10 169
9 138
10 62
9 142
10 158
9 102
10 161
9 142
10 62
9 138
10 167
9 103
10 151
9 145
10 64
9 134
10 175
9 103
10 141
9 148
10 67
9 130
10 183
9 105
10 129
9 150
10 72
9 125
10 188
9 108
10 118
9 152
10 79
9 121
10 192
9 111
10 106
9 153
10 88
9 116
10 194
9 115
10 94
9 153
10 100
9 112
10 193
9 120
10 83
9 152
10 112
9 108
10 190
9 125
10 74
9 150
10 126
9 106
10 184
9 131
10 67
9 146
10 140
9 104
10 175
9 136
10 63
9 142
10 155
9 103
10 163
9 141
10 62
9 137
10 168
9 104
10 149
9 146
10 64
9 131
10 179
9 106
10 134
9 149
10 70
9 126
10 188
9 109
10 117
9 151
10 80
9 119
10 193
9 114
10 101
9 152
10 94
9 114
10 194
9 120
10 86
9 151
10 110
9 109
10 191
9 126
10 74
9 148
10 128
9 106
10 182
9 132
10 66
9 144
10 146
9 104
10 170
9 139
10 61
9 138
10 163
9 105
10 154
9 145
10 63
9 132
10 178
9 106
10 135
9 148
10 70
9 125
10 189
9 111
10 115
9 151
10 83
9 118
10 194
9 116
10 95
9 151
10 100
9 112
10 193
9 124
10 79
9 149
10 121
9 107
10 186
9 131
10 67
9 144
10 142
9 105
10 173
9 138
10 61
9 138
10 162
9 105
10 154
9 144
10 63
9 130
10 179
9 108
10 131
9 149
10 72
9 122
10 191
9 113
10 109
9 151
10 88
9 115
10 195
9 120
10 88
9 150
10 109
9 109
10 191
9 128
10 71
9 145
10 134
9 106
10 178
9 136
10 62
9 139
10 158
9 105
10 158
9 143
10 62
9 131
10 178
9 108
10 133
9 148
10 72
9 122
10 191
9 114
10 108
9 150
10 90
9 115
10 195
9 122
10 85
9 148
10 114
9 109
10 189
9 130
10 68
9 143
10 141
9 106
10 172
9 139
10 61
9 136
10 166
9 106
10 148
9 145
10 65
9 127
10 185
9 111
10 121
9 149
10 80
9 118
10 195
9 118
10 94
9 149
10 104
9 110
10 192
9 128
10 72
9 144
10 133
9 107
10 177
9 137
10 62
9 137
10 161
9 107
10 153
9 144
10 64
9 128
10 183
9 111
10 123
9 149
10 79
9 118
10 195
9 118
10 94
9 148
10 104
9 111
10 192
9 129
10 71
9 144
10 135
9 107
10 175
9 138
10 61
9 135
10 165
9 107
10 148
9 145
10 65
9 125
10 187
9 113
10 116
9 148
10 84
9 116
10 196
9 122
10 86
9 147
10 114
9 109
10 188
9 132
10 65
9 140
10 148
9 107
10 165
9 142
10 61
9 131
10 177
9 110
10 133
9 147
10 73
9 120
10 194
9 118
10 99
9 148
10 100
9 112
10 193
9 128
10 72
9 143
10 135
9 107
10 175
9 139
10 60
9 134
10 168
9 109
10 143
9 146
10 68
9 123
10 191
9 116
10 107
9 148
10 93
9 113
10 195
9 126
10 76
9 144
10 128
9 108
10 179
9 137
10 61
9 135
10 164
9 109
10 148
9 145
10 66
9 123
10 189
9 116
10 110
9 147
10 91
9 114
10 195
9 126
10 77
9 144
10 128
9 109
10 180
9 137
10 61
9 134
10 165
9 110
10 146
9 145
10 67
9 123
10 191
9 117
10 106
9 147
10 94
9 113
10 194
9 128
10 74
9 142
10 134
9 108
10 175
9 139
10 60
9 132
10 171
9 111
10 138
9 146
10 71
9 120
10 194
9 120
10 97
9 146
10 104
9 111
10 192
9 131
10 67
9 139
10 146
9 109
10 165
9 142
10 61
9 127
10 181
9 113
10 123
9 146
10 81
9 116
10 196
9 124
10 83
9 144
10 120
9 110
10 183
9 136
10 61
9 134
10 163
9 110
10 147
9 145
10 67
9 122
10 192
9 119
10 103
9 146
10 99
9 112
10 193
9 131
10 69
9 139
10 143
9 109
10 166
9 141
10 61
9 127
10 182
9 115
10 122
9 146
10 83
9 115
10 196
9 126
10 80
9 142
10 126
9 110
10 179
9 138
10 60
9 131
10 170
9 112
10 138
9 145
10 72
9 119
10 195
9 122
10 91
9 144
10 112
9 111
10 187
9 135
10 63
9 135
10 159
9 111
10 150
9 144
10 66
9 122
10 192
9 120
10 101
9 145
10 101
9 112
10 192
9 132
10 66
9 137
10 150
9 111
10 159
9 142
10 63
9 124
10 188
9 118
10 109
9 145
10 94
9 113
10 194
9 130
10 69
9 138
10 144
9 111
10 164
9 142
10 61
9 125
10 186
9 117
10 114
9 144
10 90
9 114
10 195
9 130
10 71
9 138
10 141
9 111
10 166
9 141
10 61
9 125
10 185
9 117
10 115
9 144
10 90
9 114
10 195
9 130
10 71
9 138
10 142
9 111
10 166
9 141
10 61
9 125
10 186
9 118
10 113
9 144
10 92
9 114
10 194
9 131
10 69
9 137
10 145
9 111
10 162
9 141
10 62
9 124
10 188
9 119
10 108
9 144
10 97
9 113
10 193
9 132
10 66
9 135
10 152
9 112
10 155
9 142
10 65
9 122
10 192
9 121
10 99
9 142
10 105
9 113
10 189
9 135
10 62
9 133
10 162
9 113
10 145
9 143
10 70
9 120
10 196
9 124
10 88
9 141
10 118
9 112
10 182
9 137
10 60
9 129
10 173
9 115
10 130
9 144
10 79
9 117
10 197
9 128
10 77
9 138
10 134
9 112
10 170
9 140
10 60
9 125
10 185
9 119
10 112
9 143
10 93
9 114
10 194
9 133
10 66
9 135
10 153
9 113
10 153
9 142
10 66
9 121
10 194
9 124
10 93
9 141
10 114
9 112
10 184
9 136
10 59
9 129
10 173
9 116
10 130
9 143
10 80
9 116
10 197
9 129
10 74
9 137
10 139
9 113
10 166
9 141
10 61
9 124
10 189
9 121
10 104
9 141
10 103
9 113
10 189
9 135
10 61
9 131
10 166
9 115
10 139
9 142
10 74
9 118
10 197
9 128
10 79
9 138
10 133
9 113
10 170
9 140
10 60
9 124
10 188
9 121
10 107
9 141
10 101
9 114
10 190
9 135
10 62
9 131
10 165
9 116
10 138
9 142
10 75
9 118
10 197
9 128
10 76
9 137
10 136
9 114
10 167
9 140
10 61
9 123
10 190
9 122
10 101
9 140
10 107
9 114
10 187
9 136
10 59
9 129
10 173
9 118
10 129
9 142
10 82
9 116
10 197
9 131
10 69
9 134
10 149
9 115
10 155
9 141
10 66
9 121
10 195
9 126
10 88
9 138
10 123
9 114
10 177
9 138
10 59
9 125
10 185
9 121
10 110
9 141
10 99
9 115
10 191
9 135
10 61
9 130
10 168
9 118
10 134
9 141
10 79
9 117
10 197
9 131
10 70
9 134
10 148
9 115
10 156
9 140
10 66
9 120
10 196
9 126
10 85
9 137
10 126
9 114
10 173
9 139
10 60
9 124
10 188
9 123
10 103
9 139
10 106
9 115
10 186
9 136
10 59
9 127
10 177
9 120
10 121
9 140
10 90
9 116
10 194
9 133
10 63
9 131
10 162
9 117
10 139
9 140
10 76
9 118
10 197
9 130
10 72
9 133
10 147
9 116
10 155
9 140
10 67
9 120
10 196
9 127
10 82
9 136
10 132
9 115
10 168
9 139
10 61
9 122
10 193
9 125
10 93
9 137
10 118
9 115
10 179
9 138
10 59
9 124
10 187
9 123
10 105
9 138
10 106
9 115
10 186
9 136
10 59
9 127
10 179
9 121
10 116
9 139
10 96
9 116
10 191
9 134
10 60
9 128
10 172
9 120
10 126
9 139
10 87
9 116
10 195
9 133
10 63
9 130
10 164
9 119
10 135
9 139
10 80
9 117
10 196
9 132
10 66
9 131
10 158
9 118
10 143
9 140
10 75
9 118
10 198
9 131
10 69
9 132
10 152
9 118
10 148
9 139
10 72
9 119
10 197
9 130
10 73
9 133
10 147
9 117
10 153
9 139
10 69
9 119
10 198
9 129
10 75
9 133
10 144
9 117
10 156
9 139
10 68
9 120
10 197
9 129
10 77
9 134
10 141
9 117
10 158
9 139
10 67
9 120
10 197
9 129
10 78
9 133
10 140
9 117
10 158
9 139
10 67
9 120
10 197
9 129
10 77
9 133
10 141
9 117
10 158
9 138
10 67
9 120
10 197
9 129
10 77
9 133
10 142
9 118
10 156
9 139
10 68
9 120
10 198
9 130
10 74
9 132
10 145
9 118
10 153
9 139
10 70
9 120
10 198
9 130
10 72
9 131
10 149
9 119
10 149
9 138
10 73
9 119
10 198
9 131
10 69
9 130
10 155
9 119
10 143
9 138
10 77
9 119
10 197
9 132
10 66
9 129
10 161
9 120
10 136
9 138
10 82
9 118
10 195
9 133
10 62
9 128
10 169
9 121
10 127
9 138
10 89
9 118
10 193
9 134
10 60
9 126
10 176
9 123
10 117
9 137
10 99
9 118
10 188
9 135
10 58
9 125
10 184
9 124
10 106
9 136
10 109
9 118
10 181
9 137
10 59
9 123
10 191
9 126
10 94
9 134
10 122
9 118
10 171
9 137
10 61
9 122
10 195
9 129
10 82
9 133
10 137
9 119
10 159
9 137
10 67
9 120
10 198
9 130
10 71
9 131
10 152
9 120
10 144
9 137
10 78
9 119
10 197
9 133
10 63
9 128
10 168
9 122
10 126
9 136
10 91
9 118
10 191
9 135
10 58
9 126
10 182
9 124
10 108
9 135
10 109
9 118
10 180
9 136
10 59
9 123
10 192
9 127
10 89
9 133
10 129
9 119
10 165
9 137
10 65
9 121
10 198
9 130
10 73
9 130
10 151
9 120
10 144
9 136
10 78
9 119
10 197
9 133
10 62
9 128
10 171
9 123
10 121
9 136
10 97
9 119
10 188
9 135
10 58
9 124
10 187
9 126
10 97
9 134
10 121
9 119
10 171
9 136
10 62
9 121
10 197
9 129
10 76
9 130
10 147
9 121
10 147
9 136
10 77
9 120
10 197
9 132
10 62
9 127
10 172
9 124
10 119
9 135
10 100
9 119
10 185
9 135
10 58
9 124
10 190
9 127
10 91
9 133
10 129
9 120
10 164
9 136
10 66
9 121
10 198
9 131
10 69
9 129
10 159
9 122
10 134
9 136
10 87
9 120
10 192
9 134
10 58
9 125
10 184
9 126
10 102
9 133
10 118
9 120
10 172
9 136
10 62
9 122
10 197
9 130
10 74
9 130
10 152
9 122
10 141
9 135
10 82
9 120
10 194
9 133
10 59
9 126
10 181
9 126
10 105
9 133
10 115
9 120
10 174
9 135
10 62
9 122
10 197
9 130
10 75
9 129
10 152
9 122
10 140
9 135
10 83
9 120
10 194
9 133
10 59
9 125
10 183
9 126
10 102
9 133
10 119
9 121
10 170
9 135
10 64
9 122
10 198
9 131
10 70
9 128
10 159
9 123
10 131
9 135
10 91
9 120
10 190
9 134
10 58
9 124
10 189
9 128
10 91
9 131
10 132
9 121
10 159
9 135
10 70
9 121
10 198
9 132
10 63
9 127
10 173
9 125
10 115
9 133
10 106
9 120
10 179
9 134
10 60
9 122
10 196
9 130
10 76
9 129
10 152
9 123
10 139
9 134
10 86
9 121
10 192
9 133
10 58
9 125
10 188
9 127
10 93
9 131
10 131
9 121
10 159
9 134
10 71
9 121
10 198
9 132
10 62
9 126
10 175
9 126
10 110
9 133
10 112
9 121
10 174
9 134
10 63
9 122
10 198
9 130
10 69
9 128
10 162
9 124
10 126
9 133
10 97
9 121
10 184
9 134
10 59
9 123
10 195
9 129
10 78
9 129
10 149
9 123
10 140
9 134
10 86
9 121
10 191
9 133
10 58
9 124
10 191
9 128
10 87
9 130
10 138
9 123
10 151
9 134
10 78
9 121
10 195
9 133
10 58
9 125
10 185
9 127
10 95
9 131
10 130
9 122
10 158
9 134
10 73
9 122
10 197
9 132
10 60
9 125
10 181
9 127
10 101
9 131
10 124
9 122
10 163
9 133
10 70
9 122
10 198
9 132
10 61
9 126
10 179
9 127
10 104
9 131
10 121
9 122
10 165
9 133
10 68
9 122
10 198
9 132
10 62
9 126
10 178
9 127
10 105
9 131
10 120
9 122
10 166
9 133
10 68
9 122
10 198
9 132
10 62
9 126
10 178
9 127
10 103
9 131
10 122
9 123
10 163
9 133
10 70
9 122
10 197
9 132
10 60
9 126
10 181
9 127
10 100
9 130
10 127
9 123
10 159
9 133
10 73
9 122
10 196
9 132
10 59
9 125
10 185
9 128
10 93
9 130
10 134
9 124
10 152
9 133
10 79
9 122
10 194
9 132
10 58
9 125
10 190
9 129
10 85
9 129
10 144
9 124
10 142
9 132
10 87
9 123
10 189
9 133
10 58
9 124
10 195
9 130
10 76
9 128
10 156
9 125
10 129
9 132
10 99
9 123
10 181
9 133
10 61
9 123
10 198
9 131
10 67
9 127
10 170
9 126
10 113
9 131
10 114
9 123
10 169
9 132
10 68
9 123
10 198
9 132
10 60
9 126
10 183
9 128
10 95
9 129
10 133
9 124
10 151
9 132
10 80
9 123
10 192
9 132
10 58
9 124
10 193
9 129
10 78
9 128
10 154
9 125
10 130
9 131
10 99
9 123
10 180
9 132
10 62
9 123
10 199
9 130
10 64
9 126
10 175
9 127
10 105
9 130
10 123
9 124
10 160
9 132
10 75
9 123
10 195
9 131
10 58
9 125
10 191
9 129
10 81
9 128
10 151
9 125
10 132
9 131
10 97
9 123
10 180
9 132
10 62
9 124
10 198
9 130
10 64
9 126
10 176
9 127
10 102
9 129
10 128
9 124
10 155
9 132
10 79
9 123
10 192
9 132
10 58
9 125
10 195
9 129
10 75
9 128
10 160
9 126
10 121
9 130
10 109
9 124
10 171
9 132
10 68
9 124
10 197
9 131
10 59
9 125
10 187
9 129
10 87
9 128
10 146
9 126
10 136
9 131
10 95
9 124
10 181
9 131
10 62
9 124
10 198
9 130
10 63
9 126
10 180
9 128
10 97
9 129
10 135
9 125
10 147
9 131
10 86
9 124
10 187
9 132
10 59
9 125
10 198
9 130
10 66
9 126
10 174
9 127
10 104
9 129
10 127
9 125
10 153
9 131
10 82
9 124
10 190
9 131
10 58
9 125
10 197
9 130
10 68
9 127
10 171
9 127
10 107
9 129
10 125
9 125
10 155
9 131
10 81
9 124
10 190
9 131
10 58
9 125
10 197
9 130
10 68
9 127
10 172
9 127
10 105
9 129
10 127
9 125
10 152
9 131
10 83
9 124
10 189
9 131
10 59
9 125
10 198
9 130
10 65
9 126
10 176
9 128
10 99
9 129
10 134
9 126
10 146
9 130
10 89
9 124
10 184
9 131
10 61
9 125
10 199
9 130
10 61
9 126
10 183
9 128
10 90
9 128
10 144
9 126
10 135
9 130
10 99
9 125
10 176
9 131
10 66
9 125
10 197
9 130
10 58
9 126
10 191
9 129
10 78
9 128
10 159
9 127
10 119
9 129
10 115
9 126
10 162
9 131
10 76
9 125
10 192
9 130
10 58
9 125
10 197
9 130
10 67
9 127
10 175
9 128
10 99
9 129
10 135
9 126
10 143
9 130
10 93
9 125
10 180
9 130
10 64
9 125
10 198
9 130
10 59
9 126
10 190
9 129
10 79
9 127
10 159
9 127
10 117
9 129
10 117
9 126
10 159
9 130
10 80
9 125
10 189
9 130
10 59
9 125
10 199
9 130
10 62
9 126
10 183
9 128
10 89
9 128
10 148
9 127
10 129
9 129
10 107
9 125
10 168
9 130
10 73
9 125
10 194
9 130
10 58
9 126
10 197
9 129
10 66
9 127
10 178
9 128
10 94
9 128
10 143
9 127
10 134
9 129
10 102
9 126
10 171
9 130
10 71
9 125
10 195
9 130
10 58
9 125
10 197
9 129
10 66
9 127
10 178
9 128
10 95
9 128
10 143
9 127
10 132
9 129
10 105
9 126
10 169
9 130
10 73
9 125
10 193
9 130
10 58
9 126
10 198
9 129
10 64
9 126
10 182
9 128
10 88
9 128
10 151
9 127
10 124
9 128
10 113
9 126
10 161
9 129
10 80
9 125
10 188
9 130
10 60
9 125
10 199
9 129
10 59
9 126
10 189
9 129
10 78
9 127
10 163
9 127
10 110
9 128
10 128
9 127
10 146
9 129
10 93
9 126
10 178
9 130
10 67
9 126
10 196
9 129
10 57
9 126
10 197
9 129
10 66
9 127
10 180
9 128
10 90
9 128
10 150
9 127
10 123
9 128
10 115
9 126
10 158
9 129
10 83
9 126
10 185
9 129
10 63
9 126
10 198
9 130
10 58
9 126
10 194
9 129
10 70
9 127
10 175
9 128
10 96
9 128
10 144
9 127
10 129
9 128
10 110
9 126
10 161
9 129
10 81
9 126
10 187
9 129
10 62
9 126
10 198
9 129
10 58
9 126
10 194
9 129
10 69
9 127
10 176
9 128
10 93
9 128
10 147
9 127
10 125
9 128
10 115
9 127
10 156
9 129
10 86
9 126
10 182
9 129
10 65
9 126
10 197
9 129
10 57
9 126
10 197
9 129
10 64
9 126
10 184
9 128
10 83
9 127
10 160
9 128
10 111
9 128
10 130
9 127
10 142
9 129
10 99
9 126
10 170
9 129
10 75
9 126
10 190
9 129
10 60
9 126
10 198
9 129
10 58
9 126
10 194
9 129
10 69
9 127
10 178
9 128
10 90
9 128
10 152
9 127
10 118
9 128
10 123
9 127
10 147
9 129
10 95
9 127
10 173
9 129
10 73
9 126
10 191
9 129
10 60
9 126
10 198
9 129
10 58
9 126
10 195
9 128
10 68
9 127
10 180
9 128
10 87
9 127
10 156
9 127
10 113
9 128
10 129
9 127
10 140
9 128
10 102
9 127
10 166
9 129
10 79
9 127
10 186
9 129
10 64
9 127
10 197
9 129
10 58
9 127
10 198
9 129
10 61
9 127
10 189
9 128
10 75
9 127
10 171
9 128
10 96
9 127
10 148
9 127
10 121
9 128
10 122
9 127
10 147
9 128
10 97
9 127
10 170
9 129
10 76
9 127
10 188
9 129
10 63
9 127
10 197
9 129
10 58
9 127
10 198
9 129
10 61
9 127
10 190
9 128
10 73
9 127
10 175
9 128
10 91
9 128
10 154
9 128
10 114
9 128
10 130
9 127
10 138
9 128
10 106
9 127
10 161
9 128
10 85
9 127
10 179
9 128
10 69
9 127
10 193
9 128
10 60
9 127
10 198
9 128
10 57
9 127
10 197
9 128
10 63
9 127
10 188
9 128
10 75
9 127
10 173
9 128
10 92
9 127
10 154
9 127
10 113
9 128
10 132
9 127
10 135
9 128
10 110
9 127
10 156
9 128
10 90
9 127
10 174
9 128
10 74
9 127
10 188
9 129
10 63
9 127
10 197
9 128
10 58
9 127
10 198
9 128
10 59
9 127
10 195
9 128
10 66
9 127
10 185
9 128
10 78
9 128
10 171
9 128
10 94
9 128
10 153
9 127
10 113
9 127
10 133
9 127
10 132
9 128
10 114
9 127
10 151
9 128
10 96
9 127
10 169
9 128
10 80
9 127
10 183
9 128
10 68
9 127
10 193
9 128
10 60
9 127
10 198
9 128
10 58
9 127
10 198
9 128
10 59
9 127
10 194
9 128
10 66
9 127
10 185
9 128
10 76
9 127
10 173
9 128
10 90
9 128
10 159
9 128
10 105
9 128
10 142
9 128
10 122
9 128
10 125
9 128
10 139
9 128
10 109
9 127
10 155
9 128
10 93
9 127
10 170
9 128
10 80
9 127
10 182
9 128
10 69
9 127
10 191
9 128
10 62
9 127
10 196
9 128
10 58
9 127
10 198
9 128
10 58
9 127
10 198
9 128
10 60
9 128
10 193
9 128
10 67
9 128
10 185
9 128
10 75
9 128
10 175
9 128
10 86
9 128
10 164
9 128
10 99
9 128
10 150
9 128
10 112
9 128
10 137
9 127
10 127
9 127
10 123
9 127
10 140
9 128
10 109
9 128
10 154
9 128
10 96
9 127
10 165
9 128
10 85
9 127
10 176
9 128
10 75
9 127
10 184
9 128
10 68
9 127
10 191
9 128
10 62
9 127
10 196
9 128
10 59
9 128
10 198
9 128
10 58
9 127
10 198
9 128
10 58
9 127
10 197
9 128
10 61
9 128
10 193
9 128
10 65
9 128
10 188
9 128
10 71
9 128
10 181
9 128
10 79
9 128
10 173
9 128
10 87
9 128
10 165
9 128
10 96
9 128
10 155
9 128
10 106
9 128
10 145
9 128
10 116
9 128
10 135
9 128
10 126
9 128
10 125
9 128
10 136
9 128
10 116
9 128
10 145
9 128
10 107
9 128
10 154
9 128
10 98
9 128
10 162
9 128
10 90
9 128
10 169
9 128
10 83
9 128
10 177
9 128
10 76
9 128
10 182
9 128
10 71
9 128
10 187
9 128
10 67
9 128
10 191
9 128
10 63
9 127
10 194
9 128
10 60
9 128
10 197
9 128
10 59
9 128
10 198
9 128
10 58
9 128
10 198
9 128
10 58
9 127
10 198
9 128
10 58
9 128
10 198
9 128
10 59
9 127
10 197
9 127
10 60
9 127
10 195
9 128
10 62
9 128
10 193
9 128
10 65
9 128
10 190
9 128
10 68
9 128
10 187
9 128
10 70
9 128
10 184
9 128
10 74
9 128
10 180
9 128
10 77
9 128
10 177
9 128
10 81
9 128
10 173
9 128
10 84
9 128
10 170
9 128
10 88
9 128
10 166
9 128
10 91
9 128
10 163
9 128
10 95
9 127
10 159
9 127
10 98
9 128
10 156
9 128
10 102
9 128
10 153
9 128
10 104
9 128
10 150
9 127
10 108
9 127
10 147
9 128
10 110
9 128
10 144
9 127
10 113
9 127
10 142
9 128
10 115
9 128
10 139
9 128
10 118
9 127
10 137
9 127
10 120
9 128
10 135
9 128
10 122
9 128
10 134
9 128
10 123
9 128
10 132
9 127
10 125
9 127
10 131
9 128
10 126
9 128
10 130
9 128
10 127
9 128
10 129
9 128
10 127
9 128
10 128
9 128
10 128
9 97
10 137
